0,359
2,0
0,357
0,355
0,354
0,353
0,351
1,3
0,348
0,347
1,0
0,346
4,1
0,335
4,3
4,0
0,322
0,306
139,1
0,243
139,3
0,448
0,449
139,0
63,1
63,3
0,445
0,376
63,0
0,401
0,310
0,305
423,1
423,3
423,0
422,1
422,3
422,0
421,1
421,3
421,0
420,1
420,3
420,0
419,1
419,3
419,0
418,1
418,3
418,0
417,1
417,3
417,0
416,1
416,3
416,0
415,1
415,3
415,0
414,1
414,3
414,0
412,1
412,3
412,0
413,1
413,3
0,459
413,0
408,1
408,3
408,0
407,1
407,3
407,0
406,1
406,3
406,0
405,1
405,3
405,0
404,1
404,3
404,0
403,1
403,3
403,0
402,1
402,3
402,0
401,1
401,3
401,0
400,1
400,3
400,0
399,1
399,3
399,0
398,1
398,3
0,478
0,402
398,0
0,405
0,9
0,316
0,337
0,490
0,471
0,455
0,450
0,446
0,432
0,460
0,453
0,475
0,463
0,464
0,409
0,308
0,304
0,303
0,302
0,307
0,444
0,12
0,373
0,10
0,452
0,8
0,0
0,327
0,300
0,331
0,299
0,418
0,298
0,309
0,297
0,301
0,296
0,415
0,295
0,330
0,294
0,368
0,293
0,462
0,292
0,406
0,291
0,461
0,290
0,442
0,289
0,439
0,288
0,329
0,287
0,356
0,286
0,319
0,285
0,371
0,284
0,511
0,283
0,328
0,282
0,407
0,281
0,510
0,361
2,3
0,363
1,1
2,106
0,367
2,1
0,375
0,378
0,380
0,381
0,384
0,393
0,396
0,399
0,400
0,404
0,408
0,411
0,413
0,414
0,420
0,425
0,429
0,436
0,443
0,451
0,454
0,457
0,458
0,466
0,473
0,477
0,488
0,489
0,496
0,500
1,2
1,5
1,6
2,4
2,5
2,7
2,9
2,10
2,13
2,14
2,16
2,18
2,19
2,21
2,22
2,24
2,26
2,27
2,29
2,30
2,32
2,33
2,35
2,65
2,66
2,68
2,69
2,71
2,73
2,74
2,76
2,77
2,79
2,80
2,82
2,84
2,85
2,87
2,88
2,90
2,92
2,93
2,95
2,96
2,98
2,99
2,101
2,103
2,104
2,107
2,108
2,110
2,112
2,113
2,115
2,116
2,118
2,120
2,121
2,123
2,124
3,0
3,1
3,3
3,5
3,6
24,0
24,1
24,3
24,5
24,6
24,8
24,9
25,1
25,2
25,4
25,6
25,7
25,9
25,10
25,12
25,14
25,15
25,17
25,18
25,20
25,21
25,23
26,0
26,1
26,3
26,4
26,6
26,8
26,9
26,11
26,12
26,14
26,15
26,17
26,19
26,20
27,0
27,1
27,3
27,5
27,6
27,8
27,9
27,11
27,13
27,14
27,16
27,17
27,19
27,20
27,22
27,24
27,25
28,1
28,2
28,4
28,6
28,7
29,1
29,2
29,4
30,0
30,2
30,4
30,5
31,0
31,1
31,3
32,0
32,1
32,3
32,4
32,6
32,7
33,0
33,2
33,3
33,5
33,6
34,0
34,2
34,3
34,5
35,0
35,2
35,4
35,5
35,7
36,0
36,2
36,3
36,5
36,7
36,8
37,0
37,1
37,3
37,5
38,0
38,2
38,3
39,0
39,1
39,3
40,0
40,1
40,3
40,4
41,0
41,2
41,3
41,5
42,0
42,2
42,3
42,5
43,1
43,2
43,4
43,5
43,7
43,9
43,10
43,12
43,13
43,15
44,0
44,2
44,4
45,0
45,2
45,3
45,5
45,7
45,8
46,1
46,2
47,0
47,2
47,3
48,0
48,1
48,3
48,4
48,6
49,1
49,2
49,4
49,5
49,7
50,1
50,2
50,4
50,5
51,0
51,1
51,3
51,5
51,6
52,0
52,1
52,3
52,5
53,0
53,2
53,3
53,5
54,0
54,2
54,4
54,5
55,0
55,1
55,3
55,5
56,0
56,2
56,3
56,5
57,0
57,1
57,3
57,4
57,6
58,0
58,2
58,4
58,5
59,0
59,1
59,3
60,0
60,1
60,3
60,4
61,1
61,2
61,4
61,6
61,7
62,0
62,1
62,3
62,5
62,6
62,8
62,9
62,11
62,12
62,14
62,16
62,17
63,2
63,4
64,0
64,2
64,3
64,5
64,6
65,1
65,3
65,4
66,1
66,2
66,4
67,0
67,2
67,4
67,5
67,7
67,8
68,1
68,3
68,4
68,6
69,0
69,2
69,3
69,5
70,0
70,1
70,3
70,4
70,6
71,1
71,2
71,4
71,5
71,7
72,0
72,2
72,4
72,5
72,7
73,0
73,2
73,4
73,5
73,7
74,0
74,2
74,3
74,5
74,7
74,8
75,1
75,2
75,4
76,0
76,1
76,3
76,4
76,6
77,1
77,2
78,0
78,1
78,3
78,4
78,6
78,8
78,9
78,11
79,0
79,2
79,4
79,5
80,0
80,1
80,3
80,4
80,6
81,1
81,2
81,4
81,5
82,0
82,2
82,3
82,5
82,6
83,1
83,2
83,4
83,6
83,7
83,9
83,10
84,1
84,3
84,4
84,6
84,7
84,9
84,11
84,12
84,14
84,15
84,17
84,18
84,20
84,22
84,23
84,25
84,26
84,28
84,30
84,31
84,33
84,34
84,36
84,37
84,39
85,1
85,2
85,4
85,5
86,0
86,2
86,3
86,5
87,0
87,2
87,3
88,1
88,3
89,0
89,2
89,3
90,0
90,2
90,3
90,5
90,6
91,0
91,1
91,3
91,5
91,6
91,8
91,9
92,1
92,3
92,4
93,1
93,2
93,4
94,1
94,2
94,4
95,0
95,2
95,3
95,5
95,7
96,0
96,2
96,3
96,5
97,0
97,1
97,3
97,4
98,1
98,2
99,0
99,2
99,3
100,1
100,2
100,4
101,1
101,2
102,0
102,1
102,3
102,4
103,1
103,3
103,4
104,1
104,2
104,4
105,1
105,2
105,4
106,0
106,2
107,0
107,1
107,3
108,0
108,2
108,3
109,0
109,2
109,3
110,0
110,1
110,3
111,0
111,1
111,3
111,4
112,1
112,2
112,4
113,1
113,2
113,4
114,0
114,2
114,4
114,5
115,1
115,2
115,4
115,5
115,7
116,1
116,2
116,4
116,5
117,0
117,2
117,3
117,5
118,0
118,2
118,3
118,5
118,7
118,8
118,10
118,11
119,1
119,3
119,4
119,6
119,7
119,9
120,1
120,2
120,4
120,5
120,7
120,8
121,0
121,2
121,3
121,5
121,6
121,8
122,0
122,1
122,3
122,4
122,6
122,7
122,9
122,11
123,0
123,2
123,3
123,5
123,7
123,8
123,10
123,11
124,0
124,1
124,3
125,0
125,1
125,3
125,4
125,6
126,1
126,2
127,0
127,1
127,3
127,5
128,0
128,2
128,3
128,5
128,6
129,0
129,2
129,3
130,0
130,1
130,3
130,5
130,6
131,0
131,1
131,3
131,4
132,0
132,2
132,3
132,5
133,0
133,2
133,4
133,5
134,0
134,1
134,3
134,4
135,0
135,2
135,3
136,0
136,1
136,3
136,5
136,6
137,1
137,2
137,4
138,0
138,1
138,3
138,4
139,4
139,5
140,1
140,3
140,4
141,0
141,1
141,3
142,1
142,2
142,4
142,5
143,1
143,2
143,4
144,0
144,1
144,3
144,4
145,0
145,2
145,3
145,5
146,0
146,2
146,3
147,0
147,2
147,3
148,1
148,2
148,4
148,6
148,7
148,9
148,10
149,1
149,2
149,4
150,0
150,1
150,3
150,4
151,0
151,2
151,3
152,1
152,2
153,0
153,2
153,3
154,1
154,2
154,4
155,0
155,2
155,4
156,0
156,2
156,3
156,5
157,0
157,1
157,3
157,4
157,6
158,0
158,2
158,4
158,5
159,1
159,2
159,4
160,1
160,2
160,4
160,5
160,7
160,8
160,10
160,12
160,13
160,15
161,0
161,2
161,4
161,5
161,7
162,0
162,2
162,4
162,5
163,1
163,2
163,4
163,5
163,7
164,0
164,1
164,3
164,4
165,0
165,2
165,3
166,0
166,1
166,3
166,4
166,6
167,1
167,2
168,0
168,1
168,3
169,1
169,2
169,4
169,5
169,7
170,0
170,2
170,4
170,5
171,1
171,2
171,4
171,6
172,0
172,2
172,3
173,1
173,2
173,4
174,0
174,1
174,3
174,4
174,6
175,0
175,1
175,3
175,4
176,0
176,2
176,3
177,1
177,2
177,4
177,5
177,7
178,1
178,2
178,4
178,5
179,0
179,2
179,3
180,0
180,1
180,3
180,4
180,6
181,1
181,2
181,4
181,5
182,0
182,2
182,3
183,0
183,1
183,3
183,4
183,6
184,0
184,1
184,3
184,4
184,6
185,1
185,2
185,4
185,5
185,7
186,1
186,2
186,4
187,0
187,2
187,3
187,5
188,1
188,2
188,4
189,0
189,2
189,4
189,5
190,0
190,1
190,3
190,4
190,6
191,1
191,2
191,4
191,5
192,0
192,2
192,3
193,0
193,1
193,3
193,4
193,6
194,1
194,2
194,4
195,0
195,2
195,4
195,5
196,1
196,2
196,4
196,5
197,1
197,3
197,4
198,1
198,2
198,4
199,0
199,1
199,3
199,4
200,1
200,3
200,4
201,0
201,1
201,3
201,4
202,1
202,3
202,4
203,1
203,2
203,4
203,6
203,7
204,1
204,2
204,4
204,5
205,0
205,2
205,3
206,1
206,2
206,4
207,0
207,1
207,3
207,4
208,0
208,1
208,3
209,1
209,2
209,4
210,0
210,2
210,4
211,0
211,2
211,3
212,0
212,2
212,3
213,0
213,1
213,3
213,4
214,1
214,3
214,4
215,1
215,2
215,4
216,0
216,1
216,3
216,4
216,6
216,7
217,1
217,3
217,4
218,1
218,2
219,0
219,2
219,3
220,0
220,1
220,3
220,4
221,0
221,2
221,3
221,5
221,6
222,1
222,3
222,4
223,1
223,2
223,4
224,1
224,2
224,4
224,5
225,0
225,1
225,3
225,5
226,0
226,2
226,3
226,5
227,1
227,2
227,4
227,5
228,0
228,1
228,3
228,5
229,0
229,2
229,3
229,5
230,0
230,1
230,3
230,4
231,1
231,2
231,4
231,6
232,0
232,2
232,3
232,5
233,1
233,2
233,4
233,5
234,0
234,1
234,3
234,5
235,0
235,2
235,3
235,5
236,1
236,2
236,4
236,5
236,7
236,9
237,0
237,2
237,3
238,0
238,1
238,3
238,5
239,0
239,2
239,3
240,0
240,2
240,3
240,5
241,0
241,2
241,3
242,0
242,2
242,3
242,5
242,6
242,8
243,1
243,2
244,0
244,1
244,3
244,4
245,1
245,3
245,4
245,6
245,7
246,1
246,3
246,4
247,1
247,2
247,4
247,6
248,0
248,2
248,3
248,5
249,0
249,2
249,4
250,0
250,2
250,3
251,0
251,2
251,3
252,0
252,1
252,3
252,4
252,6
253,1
253,2
253,4
254,0
254,2
254,4
255,0
255,2
255,3
256,0
256,1
256,3
257,0
257,1
257,3
257,4
258,1
258,3
258,4
259,1
259,2
259,4
260,0
260,2
260,4
261,0
261,2
261,3
262,0
262,2
262,3
263,0
263,1
263,3
264,0
264,1
264,3
264,4
265,1
265,2
265,4
266,1
266,2
266,4
266,5
267,1
267,3
267,4
268,1
268,2
268,4
268,5
269,1
269,3
269,4
270,1
270,2
270,4
271,1
271,2
271,4
272,0
272,2
272,3
272,5
273,1
273,2
273,4
273,5
273,7
274,0
274,1
274,3
274,4
274,6
275,0
275,1
275,3
275,4
275,6
275,7
276,1
276,3
276,4
277,0
277,1
277,3
277,5
277,6
278,1
278,2
278,4
278,5
279,0
279,2
279,3
280,0
280,1
280,3
280,5
280,6
281,0
281,1
281,3
281,4
282,0
282,2
282,3
283,1
283,2
283,4
284,1
284,2
284,4
285,0
285,2
285,3
285,5
285,7
286,0
286,2
286,3
286,5
286,7
287,0
287,2
287,3
287,5
287,7
288,0
288,2
288,3
289,0
289,1
289,3
290,0
290,1
290,3
290,4
290,6
291,1
291,2
291,4
292,0
292,2
292,3
292,5
293,1
293,2
293,4
294,0
294,2
294,4
294,5
295,1
295,2
295,4
296,0
296,2
296,4
297,0
297,2
297,3
297,5
298,1
298,2
298,4
298,5
299,1
299,3
299,4
300,0
300,1
300,3
300,4
300,6
301,1
301,2
301,4
301,5
302,0
302,2
302,3
302,5
303,0
303,2
303,3
304,0
304,2
304,3
305,0
305,1
305,3
305,5
305,6
306,1
306,2
306,4
306,5
306,7
306,9
307,0
307,2
307,3
307,5
308,0
308,1
308,3
308,4
308,6
309,1
309,2
309,4
309,5
310,0
310,1
310,3
310,5
310,6
311,1
311,2
311,4
312,1
312,2
312,4
312,5
312,7
313,0
313,2
313,4
313,5
314,0
314,1
314,3
315,0
315,1
315,3
315,4
315,6
316,0
316,2
316,4
317,0
317,2
317,3
318,0
318,2
318,3
318,5
319,0
319,2
319,3
320,1
320,3
320,4
321,1
321,2
321,4
321,6
321,7
322,0
322,1
322,3
322,5
323,0
323,2
323,3
324,0
324,1
324,3
325,0
325,1
325,3
325,4
326,1
326,3
326,4
327,1
327,2
327,4
327,5
328,1
328,3
328,4
328,6
328,7
329,1
329,3
329,4
330,0
330,1
330,3
330,4
331,0
331,2
331,3
331,5
331,6
332,1
332,3
332,4
332,6
333,0
333,2
333,4
334,0
334,2
334,3
335,0
335,1
335,3
335,5
335,6
336,1
336,2
336,4
337,1
337,2
337,4
337,5
337,7
338,0
338,2
338,4
339,0
339,2
339,3
339,5
340,1
340,2
340,4
341,0
341,2
341,3
342,0
342,2
342,3
342,5
342,6
343,0
343,2
343,3
343,5
344,0
344,2
344,3
345,0
345,2
345,3
345,5
345,6
346,1
346,3
346,4
346,6
346,7
347,0
347,2
347,3
347,5
348,0
348,2
348,3
349,0
349,2
349,3
349,5
350,0
350,2
350,4
351,0
351,2
351,3
351,5
352,0
352,2
352,4
353,0
353,2
353,3
354,0
354,2
354,3
355,0
355,1
355,3
355,4
355,6
356,0
356,1
356,3
356,4
357,0
357,2
357,3
357,5
357,6
358,1
358,3
358,4
359,0
359,1
359,3
359,4
359,6
360,1
360,2
360,4
360,5
361,1
361,3
361,4
361,6
362,0
362,2
362,3
362,5
363,1
363,2
363,4
364,0
364,2
365,0
365,1
365,3
365,4
365,6
366,0
366,2
366,4
366,5
367,1
367,2
367,4
368,1
368,2
368,4
369,0
369,2
369,3
369,5
370,1
370,2
370,4
370,5
371,1
371,3
371,4
372,1
372,2
372,4
373,1
373,2
373,4
373,5
374,1
374,2
375,0
375,2
375,3
376,0
376,1
376,3
376,5
376,6
377,1
377,2
377,4
377,5
378,0
378,2
378,3
378,5
379,0
379,2
379,4
379,5
380,0
380,1
380,3
380,4
380,6
380,8
381,0
381,2
381,3
381,5
382,0
382,1
382,3
382,4
383,0
383,2
383,3
383,5
384,0
384,2
384,3
385,0
385,2
385,3
385,5
386,0
386,2
386,4
387,0
387,2
387,3
388,0
388,1
388,3
388,5
388,6
389,1
389,2
389,4
390,0
390,1
390,3
390,4
391,1
391,2
391,4
392,0
392,1
392,3
392,4
392,6
392,8
393,0
393,2
393,3
394,0
394,2
394,3
394,5
394,6
395,1
395,2
395,4
396,0
396,1
396,3
396,4
397,1
397,3
397,4
398,4
398,5
398,7
399,2
400,4
401,4
402,2
402,5
402,6
403,4
404,4
405,2
406,2
406,4
406,6
406,7
407,4
408,4
408,5
409,1
409,2
409,4
410,1
410,2
410,4
410,5
412,4
412,5
413,2
415,2
416,2
418,2
419,2
421,2
423,2
424,0
424,2
424,3
424,5
425,0
425,1
425,3
425,4
426,1
426,2
426,4
426,6
426,7
426,9
426,10
427,0
427,2
427,3
427,5
427,6
428,1
428,2
428,4
428,6
429,0
429,2
429,3
430,0
430,2
430,3
430,5
431,0
431,2
431,3
431,5
432,0
432,1
432,3
432,4
433,0
433,2
433,3
433,5
434,0
434,2
434,4
435,0
435,2
435,3
435,5
436,0
436,2
437,0
437,1
437,3
437,4
437,6
438,0
438,1
438,3
439,0
439,2
439,3
440,1
440,3
440,4
440,6
441,0
441,2
441,4
441,5
442,0
442,1
442,3
442,4
443,1
443,3
443,4
443,6
444,0
444,2
444,4
444,5
445,1
445,2
445,4
445,5
446,1
446,3
446,4
447,0
447,1
447,3
448,1
448,2
448,4
449,0
449,2
449,4
449,5
450,1
450,2
450,4
450,5
450,7
451,1
451,2
451,4
451,5
452,1
452,3
452,4
453,0
453,1
453,3
454,0
454,2
454,4
454,5
455,1
455,2
455,4
456,1
456,2
456,4
456,5
457,1
457,2
457,4
458,0
458,1
458,3
458,4
459,0
459,2
459,3
459,5
460,0
460,2
460,4
460,5
461,1
461,2
461,4
462,0
462,2
462,4
463,0
463,2
463,3
463,5
464,1
464,2
464,4
464,5
465,1
465,2
465,4
466,0
466,1
466,3
466,4
467,1
467,3
468,0
468,2
468,3
468,5
468,6
469,0
469,2
469,3
470,0
470,1
470,3
471,0
471,1
471,3
471,4
472,1
472,2
472,4
473,1
473,2
473,4
473,5
474,1
474,3
474,4
475,1
475,2
475,4
476,1
476,2
476,4
477,0
477,2
477,3
478,0
478,2
478,3
479,0
479,1
479,3
479,5
479,6
479,8
479,9
479,11
479,12
479,14
479,16
479,17
479,19
479,20
479,22
479,24
479,25
479,27
479,28
479,30
479,31
479,33
479,35
479,36
479,38
479,39
479,41
479,42
479,40
479,37
479,34
479,32
479,29
479,26
479,23
479,21
479,18
479,15
479,13
479,10
479,7
479,4
479,2
478,4
478,1
477,4
477,1
476,3
476,0
475,3
475,0
474,2
474,0
473,3
473,0
472,3
472,0
471,2
470,4
470,2
469,4
469,1
468,7
468,4
468,1
467,2
467,0
466,2
465,5
465,3
465,0
464,3
464,0
463,4
463,1
462,3
462,1
461,3
461,0
460,3
460,1
459,4
459,1
458,5
458,2
457,5
457,3
457,0
456,3
456,0
455,3
455,0
454,3
454,1
453,2
452,5
452,2
452,0
451,3
451,0
450,6
450,3
450,0
449,3
449,1
448,3
448,0
447,2
446,5
446,2
446,0
445,3
445,0
444,3
444,1
443,5
443,2
443,0
442,2
441,6
441,3
441,1
440,5
440,2
440,0
439,1
438,2
437,7
437,5
437,2
436,3
436,1
435,4
435,1
434,3
434,1
433,4
433,1
432,5
432,2
431,6
431,4
431,1
430,4
430,1
429,4
429,1
428,5
428,3
428,0
427,4
427,1
426,11
426,8
426,5
426,3
426,0
425,2
424,6
424,4
424,1
422,2
420,2
417,2
414,2
412,6
412,2
410,3
410,0
409,3
409,0
408,2
407,2
406,5
405,4
404,2
403,2
402,4
401,2
400,2
398,6
398,2
397,2
397,0
396,2
395,5
395,3
395,0
394,4
394,1
393,4
393,1
392,7
392,5
392,2
391,5
391,3
391,0
390,2
389,5
389,3
389,0
388,4
388,2
387,4
387,1
386,3
386,1
385,4
385,1
384,4
384,1
383,4
383,1
382,5
382,2
381,6
381,4
381,1
380,7
380,5
380,2
379,6
379,3
379,1
378,4
378,1
377,6
377,3
377,0
376,4
376,2
375,4
375,1
374,3
374,0
373,3
373,0
372,3
372,0
371,2
371,0
370,3
370,0
369,4
369,1
368,3
368,0
367,3
367,0
366,3
366,1
365,5
365,2
364,3
364,1
363,3
363,0
362,4
362,1
361,5
361,2
361,0
360,3
360,0
359,5
359,2
358,5
358,2
358,0
357,4
357,1
356,5
356,2
355,7
355,5
355,2
354,4
354,1
353,4
353,1
352,3
352,1
351,4
351,1
350,3
350,1
349,4
349,1
348,4
348,1
347,4
347,1
346,8
346,5
346,2
346,0
345,4
345,1
344,4
344,1
343,4
343,1
342,7
342,4
342,1
341,4
341,1
340,3
340,0
339,4
339,1
338,3
338,1
337,6
337,3
337,0
336,3
336,0
335,4
335,2
334,4
334,1
333,3
333,1
332,5
332,2
332,0
331,4
331,1
330,5
330,2
329,5
329,2
329,0
328,5
328,2
328,0
327,3
327,0
326,2
326,0
325,2
324,4
324,2
323,4
323,1
322,4
322,2
321,8
321,5
321,3
321,0
320,2
320,0
319,1
318,4
318,1
317,4
317,1
316,3
316,1
315,5
315,2
314,4
314,2
313,6
313,3
313,1
312,6
312,3
312,0
311,3
311,0
310,4
310,2
309,6
309,3
309,0
308,5
308,2
307,6
307,4
307,1
306,8
306,6
306,3
306,0
305,4
305,2
304,4
304,1
303,4
303,1
302,4
302,1
301,6
301,3
301,0
300,5
300,2
299,5
299,2
299,0
298,3
298,0
297,4
297,1
296,3
296,1
295,3
295,0
294,3
294,1
293,3
293,0
292,4
292,1
291,3
291,0
290,5
290,2
289,4
289,2
288,4
288,1
287,6
287,4
287,1
286,6
286,4
286,1
285,6
285,4
285,1
284,3
284,0
283,3
283,0
282,1
281,5
281,2
280,7
280,4
280,2
279,4
279,1
278,6
278,3
278,0
277,4
277,2
276,5
276,2
276,0
275,5
275,2
274,7
274,5
274,2
273,8
273,6
273,3
273,0
272,4
272,1
271,3
271,0
270,3
270,0
269,2
269,0
268,3
268,0
267,2
267,0
266,3
266,0
265,3
265,0
264,2
263,4
263,2
262,4
262,1
261,4
261,1
260,3
260,1
259,3
259,0
258,2
258,0
257,2
256,4
256,2
255,4
255,1
254,3
254,1
253,3
253,0
252,5
252,2
251,4
251,1
250,4
250,1
249,3
249,1
248,4
248,1
247,5
247,3
247,0
246,2
246,0
245,5
245,2
245,0
244,2
243,3
243,0
242,7
242,4
242,1
241,4
241,1
240,4
240,1
239,4
239,1
238,4
238,2
237,4
237,1
236,8
236,6
236,3
236,0
235,4
235,1
234,4
234,2
233,6
233,3
233,0
232,4
232,1
231,5
231,3
231,0
230,2
229,6
229,4
229,1
228,4
228,2
227,6
227,3
227,0
226,4
226,1
225,4
225,2
224,6
224,3
224,0
223,3
223,0
222,2
222,0
221,4
221,1
220,5
220,2
219,4
219,1
218,3
218,0
217,2
217,0
216,5
216,2
215,5
215,3
215,0
214,2
214,0
213,2
212,4
212,1
211,4
211,1
210,3
210,1
209,3
209,0
208,2
207,5
207,2
206,5
206,3
206,0
205,1
204,6
204,3
204,0
203,5
203,3
203,0
202,2
202,0
201,2
200,5
200,2
200,0
199,2
198,5
198,3
198,0
197,2
197,0
196,3
196,0
195,3
195,1
194,3
194,0
193,5
193,2
192,4
192,1
191,6
191,3
191,0
190,5
190,2
189,6
189,3
189,1
188,3
188,0
187,4
187,1
186,3
186,0
185,6
185,3
185,0
184,5
184,2
183,7
183,5
183,2
182,4
182,1
181,6
181,3
181,0
180,5
180,2
179,4
179,1
178,6
178,3
178,0
177,6
177,3
177,0
176,1
175,5
175,2
174,7
174,5
174,2
173,5
173,3
173,0
172,1
171,5
171,3
171,0
170,3
170,1
169,6
169,3
169,0
168,2
167,3
167,0
166,5
166,2
165,4
165,1
164,5
164,2
163,8
163,6
163,3
163,0
162,3
162,1
161,6
161,3
161,1
160,14
160,11
160,9
160,6
160,3
160,0
159,3
159,0
158,3
158,1
157,5
157,2
156,6
156,4
156,1
155,3
155,1
154,3
154,0
153,1
152,3
152,0
151,1
150,5
150,2
149,5
149,3
149,0
148,8
148,5
148,3
148,0
147,1
146,4
146,1
145,4
145,1
144,5
144,2
143,5
143,3
143,0
142,3
142,0
141,2
140,5
140,2
140,0
139,2
138,2
137,5
137,3
137,0
136,4
136,2
135,4
135,1
134,5
134,2
133,6
133,3
133,1
132,4
132,1
131,5
131,2
130,7
130,4
130,2
129,4
129,1
128,7
128,4
128,1
127,4
127,2
126,3
126,0
125,5
125,2
124,4
124,2
123,12
123,9
123,6
123,4
123,1
122,10
122,8
122,5
122,2
121,9
121,7
121,4
121,1
120,9
120,6
120,3
120,0
119,8
119,5
119,2
119,0
118,9
118,6
118,4
118,1
117,4
117,1
116,6
116,3
116,0
115,6
115,3
115,0
114,3
114,1
113,3
113,0
112,3
112,0
111,2
110,4
110,2
109,4
109,1
108,4
108,1
107,2
106,3
106,1
105,3
105,0
104,3
104,0
103,2
103,0
102,2
101,3
101,0
100,3
100,0
99,1
98,3
98,0
97,2
96,6
96,4
96,1
95,6
95,4
95,1
94,3
94,0
93,3
93,0
92,2
92,0
91,7
91,4
91,2
90,7
90,4
90,1
89,4
89,1
88,2
88,0
87,1
86,4
86,1
85,6
85,3
85,0
84,38
84,35
84,32
84,29
84,27
84,24
84,21
84,19
84,16
84,13
84,10
84,8
84,5
84,2
84,0
83,8
83,5
83,3
83,0
82,4
82,1
81,6
81,3
81,0
80,5
80,2
79,6
79,3
79,1
78,10
78,7
78,5
78,2
77,3
77,0
76,5
76,2
75,5
75,3
75,0
74,6
74,4
74,1
73,6
73,3
73,1
72,6
72,3
72,1
71,6
71,3
71,0
70,5
70,2
69,6
69,4
69,1
68,5
68,2
68,0
67,6
67,3
67,1
66,3
66,0
65,2
65,0
64,4
64,1
63,5
62,18
62,15
62,13
62,10
62,7
62,4
62,2
61,8
61,5
61,3
61,0
60,2
59,4
59,2
58,6
58,3
58,1
57,5
57,2
56,6
56,4
56,1
55,4
55,2
54,6
54,3
54,1
53,4
53,1
52,4
52,2
51,7
51,4
51,2
50,6
50,3
50,0
49,6
49,3
49,0
48,5
48,2
47,4
47,1
46,3
46,0
45,6
45,4
45,1
44,3
44,1
43,14
43,11
43,8
43,6
43,3
43,0
42,4
42,1
41,4
41,1
40,5
40,2
39,4
39,2
38,4
38,1
37,4
37,2
36,9
36,6
36,4
36,1
35,6
35,3
35,1
34,4
34,1
33,7
33,4
33,1
32,8
32,5
32,2
31,4
31,2
30,6
30,3
30,1
29,3
29,0
28,5
28,3
28,0
27,23
27,21
27,18
27,15
27,12
27,10
27,7
27,4
27,2
26,21
26,18
26,16
26,13
26,10
26,7
26,5
26,2
25,24
25,22
25,19
25,16
25,13
25,11
25,8
25,5
25,3
25,0
24,7
24,4
24,2
4,2
3,4
3,2
2,128
2,122
2,119
2,117
2,114
2,111
2,109
2,105
2,102
2,100
2,97
2,94
2,91
2,89
2,86
2,83
2,81
2,78
2,75
2,72
2,70
2,67
2,64
2,34
2,31
2,28
2,25
2,23
2,20
2,17
2,15
2,11
2,8
2,6
2,2
1,4
0,498
0,494
0,484
0,467
0,465
0,456
0,447
0,430
0,426
0,416
0,412
0,410
0,403
0,398
0,391
0,383
2,12
0,374
0,370
0,364
1,7
0,280
0,440
0,279
0,326
0,278
0,427
0,277
0,325
0,276
0,438
0,275
0,315
0,274
0,504
0,273
0,272
0,491
0,271
0,503
0,270
0,385
0,269
0,395
0,268
0,424
0,267
0,397
0,266
0,509
0,265
0,264
0,338
0,263
0,479
0,262
0,394
0,261
0,390
0,260
0,392
0,259
0,258
0,320
0,257
0,256
0,379
0,255
0,388
0,254
0,387
0,253
0,252
0,251
0,486
0,250
0,502
0,249
0,389
0,248
0,314
0,247
0,246
0,483
0,245
0,492
0,244
0,313
0,242
0,423
0,241
0,323
0,240
0,239
0,507
0,238
0,382
0,237
0,358
0,236
0,482
0,235
0,318
0,234
0,233
0,437
0,232
0,469
0,231
0,487
0,230
0,501
0,229
0,352
0,228
0,476
0,227
0,499
0,226
0,434
0,225
0,343
0,224
0,366
0,223
0,421
0,222
0,321
0,221
0,324
0,220
0,386
0,219
0,497
0,218
0,217
0,422
0,216
0,474
0,215
0,312
0,214
0,428
0,213
0,419
0,212
0,317
0,211
0,481
0,210
0,417
0,209
0,311
0,208
0,485
0,207
0,206
0,472
0,205
0,435
0,204
0,480
0,203
0,340
0,202
0,506
0,201
0,200
0,493
0,199
0,508
0,198
0,197
0,196
0,495
0,195
0,345
0,194
0,336
0,193
0,334
0,192
0,333
0,63
0,344
0,62
0,61
0,350
0,60
0,433
0,59
0,468
0,58
0,342
0,57
0,341
0,56
0,441
0,55
0,339
0,54
0,470
0,53
0,362
0,52
0,365
0,51
0,505
0,50
0,369
0,49
0,360
0,48
0,372
0,47
0,349
0,46
0,332
0,45
0,377
0,6
0,5
0,1
0,431
0,11
0,4
0,2
0,3
0,7
